an	1997	222
an	2002	252
an	2007	318
an	1952	842
an	1957	924
an	1962	102
an	1967	115
an	1972	130
an	1977	148
an	1982	128
an	1987	138
an	1992	163
952	1282697
957	1476505
962	1728137
967	1984060
972	2263554
977	2509048
982	2780097
987	3075321
992	3326498
997	3428038
002	3508512
007	3600523
962	1100094
967	1276049
972	1476078
977	1715280
982	2003375
952	9279525
957	1027085
987	2325495
992	2629837
997	2907201
002	3128714
007	3333321
52	4232095	
57	4561361	
62	4826015	
67	5247469	
72	5894858	
77	6162675	
82	7016384	
87	7874230	
92	8735988	
97	9875024	
02	10866106
07	12420476
	1952	17876
	1957	19610
	1962	21283
	1967	22934
	1972	24779
	1977	26983
	1982	29341
	1987	31620
	1992	33958
	1997	36203
	2002	38331
	2007	40301
	1952	86912
	1957	97125
	1962	10794
	1967	11872
	1972	13177
	1977	14074
	1982	15184
	1987	16257
	1992	17481
	1997	18565
	2002	19546
	2007	20434
952	6927772
957	6965860
962	7129864
967	7376998
972	7544201
977	7568430
982	7574613
987	7578903
992	7914969
997	8069876
002	8148312
007	8199783
952	120447	
957	138655	
962	171863	
967	202182	
972	230800	
977	297410	
982	377967	
987	454612	
992	529491	
997	598561	
002	656397	
007	708573	
h	1952	4688
h	1957	5136
h	1962	5683
h	1967	6282
h	1972	7075
h	1977	8042
h	1982	9307
h	1987	1037
h	1992	1137
h	1997	1233
h	2002	1356
h	2007	1504
952	8730405
957	8989111
962	9218400
967	9556500
972	9709100
977	9821800
982	9856303
987	9870200
992	1004562
997	1019978
002	1031197
007	1039222
2	1738315	A
7	1925173	A
2	2151895	A
7	2427334	A
2	2761407	A
7	3168267	A
2	3641603	A
7	4243788	A
2	4981671	A
7	6066080	A
2	7026113	A
7	8078314	A
952	2883315
957	3211738
962	3593918
967	4040665
972	4565872
977	5079716
982	5642224
987	6156369
992	6893451
997	7693188
002	8445134
007	9119152
d Herzegovi
d Herzegovi
d Herzegovi
d Herzegovi
d Herzegovi
d Herzegovi
d Herzegovi
d Herzegovi
d Herzegovi
d Herzegovi
d Herzegovi
d Herzegovi
1952	442308
1957	474639
1962	512764
1967	553541
1972	619351
1977	781472
1982	970347
1987	115118
1992	134261
1997	153653
2002	163034
2007	163913
52	56602560
57	65551171
62	76039390
67	88049823
72	10084005
77	11431395
82	12896293
87	14293807
92	15597597
97	16854671
02	17991421
07	19001064
1952	727490
1957	765125
1962	801294
1967	831022
1972	857620
1977	879702
1982	889209
1987	897195
1992	865850
1997	806605
2002	766179
2007	732285
aso	1952	44
aso	1957	47
aso	1962	49
aso	1967	51
aso	1972	54
aso	1977	58
aso	1982	66
aso	1987	75
aso	1992	88
aso	1997	10
aso	2002	12
aso	2007	14
952	2445618
957	2667518
962	2961915
967	3330989
972	3529983
977	3834415
982	4580410
987	5126023
992	5809236
997	6121610
002	7021078
007	8390505
1952	469383
1957	532253
1962	608361
1967	696006
1972	745060
1977	697860
1982	727248
1987	837179
1992	101500
1997	117829
2002	129267
2007	141318
1952	500906
1957	535992
1962	579363
1967	633550
1972	702102
1977	795986
1982	925083
1987	107806
1992	124671
1997	141958
2002	159299
2007	176962
52	14785584
57	17010154
62	18985849
67	20819767
72	22284500
77	23796400
82	25201900
87	26549700
92	28523502
97	30305843
02	31902268
07	33390141
frican Repu
frican Repu
frican Repu
frican Repu
frican Repu
frican Repu
frican Repu
frican Repu
frican Repu
frican Repu
frican Repu
frican Repu
	2682462	Af
	2894855	Af
	3150417	Af
	3495967	Af
	3899068	Af
	4388260	Af
	4875118	Af
	5498955	Af
	6429417	Af
	7562011	Af
	8835739	Af
	10238807	A
2	6377619	A
7	7048426	A
2	7961258	A
7	8858908	A
2	9717524	A
7	10599793	
2	11487112	
7	12463354	
2	13572994	
7	14599929	
2	15497046	
7	16284741	
2	556263527
7	637408000
2	665770000
7	754550000
2	862030000
7	943455000
2	100028100
7	108403500
2	116497000
7	123007500
2	128040000
7	131868309
, China	195
, China	195
, China	196
, China	196
, China	197
, China	197
, China	198
, China	198
, China	199
, China	199
, China	200
, China	200
1952	123507
1957	144859
1962	170098
1967	197640
1972	225428
1977	250944
1982	277646
1987	309642
1992	342027
1997	376578
2002	410082
2007	442275
952	153936	
957	170928	
962	191689	
967	217378	
972	250027	
977	304739	
982	348643	
987	395114	
992	454429	
997	527982	
002	614382	
007	710960	
m. Rep.	195
m. Rep.	195
m. Rep.	196
m. Rep.	196
m. Rep.	197
m. Rep.	197
m. Rep.	198
m. Rep.	198
m. Rep.	199
m. Rep.	199
m. Rep.	200
m. Rep.	200
p.	1952	854
p.	1957	940
p.	1962	104
p.	1967	117
p.	1972	134
p.	1977	153
p.	1982	177
p.	1987	206
p.	1992	240
p.	1997	280
p.	2002	332
p.	2007	380
a	1952	9263
a	1957	1112
a	1962	1345
a	1967	1588
a	1972	1834
a	1977	2108
a	1982	2424
a	1987	2799
a	1992	3173
a	1997	3518
a	2002	3834
a	2007	4133
oire	1952	2
oire	1957	3
oire	1962	3
oire	1967	4
oire	1972	6
oire	1977	7
oire	1982	9
oire	1987	1
oire	1992	1
oire	1997	1
oire	2002	1
oire	2007	1
ear	pop	con
952	3882229
957	3991242
962	4076557
967	4174366
972	4225310
977	4318673
982	4413368
987	4484310
992	4494013
997	4444595
002	4481020
007	4493312
	6007797	Am
	6640752	Am
	7254373	Am
	8139332	Am
	8831348	Am
	9537988	Am
	9789224	Am
	10239839	A
	10723260	A
	10983007	A
	11226999	A
	11416987	A
ublic	1952	
ublic	1957	
ublic	1962	
ublic	1967	
ublic	1972	
ublic	1977	
ublic	1982	
ublic	1987	
ublic	1992	
ublic	1997	
ublic	2002	
ublic	2007	
952	4334000
957	4487831
962	4646899
967	4838800
972	4991596
977	5088419
982	5117810
987	5127024
992	5171393
997	5283663
002	5374693
007	5468120
1952	63149	
1957	71851	
1962	89898	
1967	127617
1972	178848
1977	228694
1982	305991
1987	311025
1992	384156
1997	417908
2002	447416
2007	496374
 Republic	1
 Republic	1
 Republic	1
 Republic	1
 Republic	1
 Republic	1
 Republic	1
 Republic	1
 Republic	1
 Republic	1
 Republic	2
 Republic	2
952	3548753
957	4058385
962	4681707
967	5432424
972	6298651
977	7278866
982	8365850
987	9545158
992	1074839
997	1191181
002	1292123
007	1375568
2	22223309	
7	25009741	
2	28173309	
7	31681188	
2	34807417	
7	38783863	
2	45681811	
7	52799062	
2	59402198	
7	66134291	
2	73312559	
7	80264543	
or	1952	204
or	1957	235
or	1962	274
or	1967	323
or	1972	379
or	1977	428
or	1982	447
or	1987	484
or	1992	527
or	1997	578
or	2002	635
or	2007	693
l Guinea	19
l Guinea	19
l Guinea	19
l Guinea	19
l Guinea	19
l Guinea	19
l Guinea	19
l Guinea	19
l Guinea	19
l Guinea	19
l Guinea	20
l Guinea	20
952	1438760
957	1542611
962	1666618
967	1820319
972	2260187
977	2512642
982	2637297
987	2915959
992	3668440
997	4058319
002	4414865
007	4906585
1952	208609
1957	228156
1962	251453
1967	278602
1972	307703
1977	346177
1982	381117
1987	429995
1992	520885
1997	598613
2002	679467
2007	765118












































































































































































































































































































































































































c.txt
c.txt
c.txt
c.txt
c.txt
c.txt
c.txt
c.txt
c.txt
c.txt
c.txt
c.txt
c.txt
c.txt
c.txt
c.txt
c.txt
c.txt
c.txt
c.txt
c.txt
c.txt
c.txt
c.txt
c.txt
c.txt
c.txt
c.txt
c.txt
c.txt
c.txt
c.txt
c.txt
c.txt
c.txt
c.txt
d_Herzegovi
d_Herzegovi
d_Herzegovi
d_Herzegovi
d_Herzegovi
d_Herzegovi
d_Herzegovi
d_Herzegovi
d_Herzegovi
d_Herzegovi
d_Herzegovi
d_Herzegovi
cc.txt
cc.txt
cc.txt
cc.txt
cc.txt
cc.txt
cc.txt
cc.txt
cc.txt
cc.txt
cc.txt
cc.txt
cc.txt
cc.txt
cc.txt
cc.txt
cc.txt
cc.txt
cc.txt
cc.txt
cc.txt
cc.txt
cc.txt
cc.txt
c.txt
c.txt
c.txt
c.txt
c.txt
c.txt
c.txt
c.txt
c.txt
c.txt
c.txt
c.txt
c.txt
c.txt
c.txt
c.txt
c.txt
c.txt
c.txt
c.txt
c.txt
c.txt
c.txt
c.txt
ublic.cc.tx
ublic.cc.tx
ublic.cc.tx
ublic.cc.tx
ublic.cc.tx
ublic.cc.tx
ublic.cc.tx
ublic.cc.tx
ublic.cc.tx
ublic.cc.tx
ublic.cc.tx
ublic.cc.tx
c.txt
c.txt
c.txt
c.txt
c.txt
c.txt
c.txt
c.txt
c.txt
c.txt
c.txt
c.txt
c.txt
c.txt
c.txt
c.txt
c.txt
c.txt
c.txt
c.txt
c.txt
c.txt
c.txt
c.txt
.txt
.txt
.txt
.txt
.txt
.txt
.txt
.txt
.txt
.txt
.txt
.txt
c.txt
c.txt
c.txt
c.txt
c.txt
c.txt
c.txt
c.txt
c.txt
c.txt
c.txt
c.txt
.txt
.txt
.txt
.txt
.txt
.txt
.txt
.txt
.txt
.txt
.txt
.txt
c.txt
c.txt
c.txt
c.txt
c.txt
c.txt
c.txt
c.txt
c.txt
c.txt
c.txt
c.txt
c.txt
c.txt
c.txt
c.txt
c.txt
c.txt
c.txt
c.txt
c.txt
c.txt
c.txt
c.txt
c.txt
c.txt
c.txt
c.txt
c.txt
c.txt
c.txt
c.txt
c.txt
c.txt
c.txt
c.txt
txt
txt
txt
txt
txt
txt
txt
txt
txt
txt
txt
txt
o.cc.txt
o.cc.txt
o.cc.txt
o.cc.txt
o.cc.txt
o.cc.txt
o.cc.txt
o.cc.txt
o.cc.txt
o.cc.txt
o.cc.txt
o.cc.txt
c.txt
c.txt
c.txt
c.txt
c.txt
c.txt
c.txt
c.txt
c.txt
c.txt
c.txt
c.txt
ds.cc.txt
ds.cc.txt
ds.cc.txt
ds.cc.txt
ds.cc.txt
ds.cc.txt
ds.cc.txt
ds.cc.txt
ds.cc.txt
ds.cc.txt
ds.cc.txt
ds.cc.txt
.txt
.txt
.txt
.txt
.txt
.txt
.txt
.txt
.txt
.txt
.txt
.txt
.txt
.txt
.txt
.txt
.txt
.txt
.txt
.txt
.txt
.txt
.txt
.txt
cc.txt
cc.txt
cc.txt
cc.txt
cc.txt
cc.txt
cc.txt
cc.txt
cc.txt
cc.txt
cc.txt
cc.txt
c.txt
c.txt
c.txt
c.txt
c.txt
c.txt
c.txt
c.txt
c.txt
c.txt
c.txt
c.txt
.txt
.txt
.txt
.txt
.txt
.txt
.txt
.txt
.txt
.txt
.txt
.txt
public.cc.t
public.cc.t
public.cc.t
public.cc.t
public.cc.t
public.cc.t
public.cc.t
public.cc.t
public.cc.t
public.cc.t
public.cc.t
public.cc.t
cc.txt
cc.txt
cc.txt
cc.txt
cc.txt
cc.txt
cc.txt
cc.txt
cc.txt
cc.txt
cc.txt
cc.txt
txt
txt
txt
txt
txt
txt
txt
txt
txt
txt
txt
txt
.txt
.txt
.txt
.txt
.txt
.txt
.txt
.txt
.txt
.txt
.txt
.txt
nd.cc.txt
nd.cc.txt
nd.cc.txt
nd.cc.txt
nd.cc.txt
nd.cc.txt
nd.cc.txt
nd.cc.txt
nd.cc.txt
nd.cc.txt
nd.cc.txt
nd.cc.txt
.txt
.txt
.txt
.txt
.txt
.txt
.txt
.txt
.txt
.txt
.txt
.txt
ngdom.cc.tx
ngdom.cc.tx
ngdom.cc.tx
ngdom.cc.tx
ngdom.cc.tx
ngdom.cc.tx
ngdom.cc.tx
ngdom.cc.tx
ngdom.cc.tx
ngdom.cc.tx
ngdom.cc.tx
ngdom.cc.tx
952	4090500
957	4324000
962	4491443
967	4605744
972	4639657
977	4738902
982	4826933
987	4931729
992	5041039
997	5134406
002	5193039
007	5238460
52	42459667
57	44310863
62	47124000
67	49569000
72	51732000
77	53165019
82	54433565
87	55630100
92	57374179
97	58623428
02	59925035
07	61083916
2	420702	Af
7	434904	Af
2	455661	Af
7	489004	Af
2	537977	Af
7	706367	Af
2	753874	Af
7	880397	Af
2	985739	Af
7	1126189	A
2	1299304	A
7	1454867	A
52	284320	A
57	323150	A
62	374020	A
67	439593	A
72	517101	A
77	608274	A
82	715523	A
87	848406	A
92	1025384	
97	1235767	
02	1457766	
07	1688359	
952	6914595
957	7101906
962	7373911
967	7636845
972	7871708
977	7816077
982	7833526
987	7771829
992	8059776
997	8201107
002	8235067
007	8240099
2	5581001	A
7	6391288	A
2	7355248	A
7	8490213	A
2	9354120	A
7	10538093	
2	11400338	
7	14168101	
2	16278738	
7	18418288	
2	20550751	
7	22873338	
52	7733250	
57	8096218	
62	8448233	
67	8716441	
72	8888628	
77	9308479	
82	9786480	
87	9974490	
92	10325429
97	10502372
02	10603863
07	10706290
	1952	31463
	1957	36408
	1962	42088
	1967	46907
	1972	51495
	1977	57034
	1982	63956
	1987	73264
	1992	84869
	1997	98038
	2002	11178
	2007	12572
l Guinea	19
l Guinea	19
l Guinea	19
l Guinea	19
l Guinea	19
l Guinea	19
l Guinea	19
l Guinea	19
l Guinea	19
l Guinea	19
l Guinea	20
l Guinea	20
52	2664249	
57	2876726	
62	3140003	
67	3451418	
72	3811387	
77	4227026	
82	4710497	
87	5650262	
92	6990574	
97	8048834	
02	8807818	
07	9947814	
ssau	1952	5
ssau	1957	6
ssau	1962	6
ssau	1967	6
ssau	1972	6
ssau	1977	7
ssau	1982	8
ssau	1987	9
ssau	1992	1
ssau	1997	1
ssau	2002	1
ssau	2007	1
ssau	1952	5
ssau	1957	6
ssau	1962	6
ssau	1967	6
ssau	1972	6
ssau	1977	7
ssau	1982	8
ssau	1987	9
ssau	1992	1
ssau	1997	1
ssau	2002	1
ssau	2007	1
2	3201488	A
7	3507701	A
2	3880130	A
7	4318137	A
2	4698301	A
7	4908554	A
2	5198399	A
7	5756203	A
2	6326682	A
7	6913545	A
2	7607651	A
7	8502814	A
1952	151745
1957	177039
1962	209016
1967	250068
1972	296514
1977	305523
1982	366944
1987	437220
1992	507734
1997	586795
2002	667732
2007	748376
, China	195
, China	195
, China	196
, China	196
, China	197
, China	197
, China	198
, China	198
, China	199
, China	199
, China	200
, China	200
952	9504000
957	9839000
962	1006300
967	1022342
972	1039409
977	1063717
982	1070553
987	1061274
992	1034868
997	1024468
002	1008331
007	9956108
952	147962	
957	165110	
962	182053	
967	198676	
972	209275	
977	221823	
982	233997	
987	244676	
992	259012	
997	271192	
002	288030	
007	301931	
2	3.72e+08	
7	4.09e+08	
2	4.54e+08	
7	5.06e+08	
2	5.67e+08	
7	6.34e+08	
2	7.08e+08	
7	7.88e+08	
2	8.72e+08	
7	9.59e+08	
2	103417254
7	111039633
	1952	82052
	1957	90124
	1962	99028
	1967	10934
	1972	12128
	1977	13672
	1982	15334
	1987	16927
	1992	18481
	1997	19927
	2002	21106
	2007	22354
	17272000	A
	19792000	A
	22874000	A
	26538000	A
	30614000	A
	35480679	A
	43072751	A
	51889696	A
	60397973	A
	63327987	A
	66907826	A
	69453570	A
	5441766	As
	6248643	As
	7240260	As
	8519282	As
	10061506	A
	11882916	A
	14173318	A
	16543189	A
	17861905	A
	20775703	A
	24001816	A
	27499638	A
952	2952156
957	2878220
962	2830000
967	2900100
972	3024400
977	3271900
982	3480000
987	3539900
992	3557761
997	3667233
002	3879155
007	4109086
52	1620914	
57	1944401	
62	2310904	
67	2693585	
72	3095893	
77	3495918	
82	3858421	
87	4203148	
92	4936550	
97	5531387	
02	6029529	
07	6426679	
2	47666000	
7	49182000	
2	50843200	
7	52667100	
2	54365564	
7	56059245	
2	56535636	
7	56729703	
2	56840847	
7	57479469	
2	57926999	
7	58147733	
952	1426095
957	1535090
962	1665128
967	1861096
972	1997616
977	2156814
982	2298309
987	2326606
992	2378618
997	2531311
002	2664659
007	2780132
2	86459025	
7	91563009	
2	95831757	
7	100825279
2	107188273
7	113872473
2	118454974
7	122091325
2	124329269
7	125956499
2	127065841
7	127467972
52	607914	A
57	746559	A
62	933559	A
67	1255058	
72	1613551	
77	1937652	
82	2347031	
87	2820042	
92	3867409	
97	4526235	
02	5307470	
07	6053193	
2	6464046	A
7	7454779	A
2	8678557	A
7	10191512	
2	12044785	
7	14500404	
2	17661452	
7	21198082	
2	25020539	
7	28263827	
2	31386842	
7	35610177	
m. Rep.	195
m. Rep.	195
m. Rep.	196
m. Rep.	196
m. Rep.	197
m. Rep.	197
m. Rep.	198
m. Rep.	198
m. Rep.	199
m. Rep.	199
m. Rep.	200
m. Rep.	200
p.	1952	209
p.	1957	226
p.	1962	264
p.	1967	301
p.	1972	335
p.	1977	364
p.	1982	393
p.	1987	416
p.	1992	438
p.	1997	461
p.	2002	479
p.	2007	490
52	160000	A
57	212846	A
62	358266	A
67	575003	A
72	841934	A
77	1140357	
82	1497494	
87	1891487	
92	1418095	
97	1765345	
02	2111561	
07	2505559	
952	1439529
957	1647412
962	1886848
967	2186894
972	2680018
977	3115787
982	3086876
987	3089353
992	3219994
997	3430388
002	3677780
007	3921278
952	748747	
957	813338	
962	893143	
967	996380	
972	1116779
977	1251524
982	1411807
987	1599200
992	1803195
997	1982823
002	2046772
007	2012649
952	863308	
957	975950	
962	1112796
967	1279406
972	1482628
977	1703617
982	1956875
987	2269414
992	1912974
997	2200725
002	2814651
007	3193942
2	1019729	A
7	1201578	A
2	1441863	A
7	1759224	A
2	2183877	A
7	2721783	A
2	3344074	A
7	3799845	A
2	4364501	A
7	4759670	A
2	5368585	A
7	6036914	A
r	1952	4762
r	1957	5181
r	1962	5703
r	1967	6334
r	1972	7082
r	1977	8007
r	1982	9171
r	1987	1056
r	1992	1221
r	1997	1416
r	2002	1647
r	2007	1916
52	2917802	
57	3221238	
62	3628608	
67	4147252	
72	4730997	
77	5637246	
82	6502825	
87	7824747	
92	10014249
97	10419991
02	11824495
07	13327079
1952	674837
1957	773923
1962	890638
1967	101548
1972	114414
1977	128453
1982	144419
1987	163317
1992	183195
1997	204760
2002	226623
2007	248212
	3838168	Af
	4241884	Af
	4690372	Af
	5212416	Af
	5828158	Af
	6491649	Af
	6998256	Af
	7634008	Af
	8416215	Af
	9384984	Af
	10580176	A
	12031795	A
a	1952	1022
a	1957	1076
a	1962	1146
a	1967	1230
a	1972	1332
a	1977	1456
a	1982	1622
a	1987	1841
a	1992	2119
a	1997	2444
a	2002	2828
a	2007	3270
	1952	51655
	1957	60981
	1962	70101
	1967	78930
	1972	85133
	1977	91302
	1982	99204
	1987	10426
	1992	10962
	1997	11498
	2002	12002
	2007	12508
52	30144317
57	35015548
62	41121485
67	47995559
72	55984294
77	63759976
82	71640904
87	80122492
92	88111030
97	95895146
02	10247992
07	10870089
1952	800663
1957	882134
1962	101028
1967	114950
1972	132050
1977	152800
1982	175603
1987	201513
1992	231280
1997	249480
2002	267423
2007	287412
o	1952	4138
o	1957	4428
o	1962	4745
o	1967	5010
o	1972	5276
o	1977	5600
o	1982	5625
o	1987	5694
o	1992	6216
o	1997	6926
o	2002	7202
o	2007	6847
952	9939217
957	1140635
962	1305660
967	1477029
972	1666067
977	1839694
982	2019873
987	2298739
992	2579823
997	2852950
002	3116778
007	3375717
e	1952	6446
e	1957	7038
e	1962	7788
e	1967	8680
e	1972	9809
e	1977	1112
e	1982	1258
e	1987	1289
e	1992	1316
e	1997	1660
e	2002	1847
e	2007	1995
952	2009299
957	2173184
962	2363443
967	2587027
972	2846639
977	3152808
982	3468044
987	3802857
992	4054653
997	4324786
002	4559808
007	4776198
952	485831	
957	548080	
962	621392	
967	706640	
972	821782	
977	977026	
982	1099010
987	1278184
992	1554253
997	1774766
002	1972153
007	2055080
2	9182536	A
7	9682338	A
2	10332057	
7	11261690	
2	12412593	
7	13933198	
2	15796314	
7	17917180	
2	20326209	
7	23001113	
2	25873917	
7	28901790	
ds	1952	103
ds	1957	110
ds	1962	118
ds	1967	125
ds	1972	133
ds	1977	138
ds	1982	143
ds	1987	146
ds	1992	151
ds	1997	156
ds	2002	161
ds	2007	165
nd	1952	199
nd	1957	222
nd	1962	248
nd	1967	272
nd	1972	292
nd	1977	316
nd	1982	321
nd	1987	331
nd	1992	343
nd	1997	367
nd	2002	390
nd	2007	411
	1952	11657
	1957	13588
	1962	15905
	1967	18654
	1972	21829
	1977	25545
	1982	29794
	1987	33443
	1992	40179
	1997	46095
	2002	51468
	2007	56753
2	3379468	A
7	3692184	A
2	4076008	A
7	4534062	A
2	5060262	A
7	5682086	A
2	6437188	A
7	7332638	A
2	8392818	A
7	9666252	A
2	11140655	
7	12894865	
952	3311909
957	3717334
962	4187135
967	4728775
972	5374008
977	6220917
982	7303937
987	8155152
992	9336424
997	1062078
002	1199012
007	1350311
952	3311909
957	3717334
962	4187135
967	4728775
972	5374008
977	6220917
982	7303937
987	8155152
992	9336424
997	1062078
002	1199012
007	1350311
52	3327728	
57	3491938	
62	3638919	
67	3786019	
72	3933004	
77	4043205	
82	4114787	
87	4186147	
92	4286357	
97	4405672	
02	4535591	
07	4627926	
	507833	Asi
	561977	Asi
	628164	Asi
	714775	Asi
	829050	Asi
	1004533	As
	1301048	As
	1593882	As
	1915208	As
	2283635	As
	2713462	As
	3204897	As
1952	413465
1957	466799
1962	531006
1967	606418
1972	693259
1977	781526
1982	914620
1987	105186
1992	120065
1997	135564
2002	153403
2007	169270
52	940080	A
57	1063506	
62	1215725	
67	1405486	
72	1616384	
77	1839782	
82	2036305	
87	2253639	
92	2484997	
97	2734531	
02	2990875	
07	3242173	
1952	155587
1957	177090
1962	200981
1967	228798
1972	261410
1977	298449
1982	336643
1987	388651
1992	448394
1997	515412
2002	588449
2007	666714
	8025700	Am
	9146100	Am
	10516500	A
	12132200	A
	13954700	A
	15990099	A
	18125129	A
	20195924	A
	22430449	A
	24748122	A
	26769436	A
	28674757	A
es	1952	224
es	1957	260
es	1962	303
es	1967	353
es	1972	408
es	1977	468
es	1982	534
es	1987	600
es	1992	671
es	1997	750
es	2002	829
es	2007	910
52	25730551
57	28235346
62	30329617
67	31785378
72	33039545
77	34621254
82	36227381
87	37740710
92	38370697
97	38654957
02	38625976
07	38518241
1952	852605
1957	881765
1962	901980
1967	910300
1972	897045
1977	966260
1982	985965
1987	991528
1992	992768
1997	101564
2002	104338
2007	106428
co	1952	222
co	1957	226
co	1962	244
co	1967	264
co	1972	284
co	1977	308
co	1982	327
co	1987	344
co	1992	358
co	1997	375
co	2002	385
co	2007	394
952	257700	
957	308700	
962	358900	
967	414024	
972	461633	
977	492095	
982	517810	
987	562035	
992	622191	
997	684810	
002	743981	
007	798094	
952	1663000
957	1782932
962	1868072
967	1928481
972	2066264
977	2165859
982	2235672
987	2268637
992	2279702
997	2256245
002	2240433
007	2227605
52	2534927	
57	2822082	
62	3051242	
67	3451079	
72	3992121	
77	4657072	
82	5507565	
87	6349365	
92	7290203	
97	7212583	
02	7852401	
07	8860588	
and Princip
and Princip
and Princip
and Princip
and Princip
and Princip
and Princip
and Princip
and Princip
and Princip
and Princip
and Princip
bia	1952	40
bia	1957	44
bia	1962	49
bia	1967	56
bia	1972	64
bia	1977	81
bia	1982	11
bia	1987	14
bia	1992	16
bia	1997	21
bia	2002	24
bia	2007	27
952	2755589
957	3054547
962	3430243
967	3965841
972	4588696
977	5260855
982	6147783
987	7171347
992	8307920
997	9535314
002	1087003
007	1226749
52	6860147	
57	7271135	
62	7616060	
67	7971222	
72	8313288	
77	8686367	
82	9032824	
87	9230783	
92	9826397	
97	10336594
02	10111559
07	10150265
one	1952	21
one	1957	22
one	1962	24
one	1967	26
one	1972	28
one	1977	31
one	1982	34
one	1987	38
one	1992	42
one	1997	45
one	2002	53
one	2007	61
	1952	11270
	1957	14459
	1962	17502
	1967	19776
	1972	21524
	1977	23253
	1982	26518
	1987	27945
	1992	32358
	1997	38023
	2002	41977
	2007	45530
public	1952
public	1957
public	1962
public	1967
public	1972
public	1977
public	1982
public	1987
public	1992
public	1997
public	2002
public	2007
1952	148951
1957	153307
1962	158296
1967	164691
1972	169451
1977	174691
1982	186125
1987	194587
1992	199921
1997	201161
2002	201149
2007	200924
952	2526994
957	2780415
962	3080153
967	3428839
972	3840161
977	4353666
982	5828892
987	6921858
992	6099799
997	6633514
002	7753310
007	9118773
ica	1952	14
ica	1957	16
ica	1962	18
ica	1967	20
ica	1972	23
ica	1977	27
ica	1982	31
ica	1987	35
ica	1992	39
ica	1997	42
ica	2002	44
ica	2007	43
2	28549870	
7	29841614	
2	31158061	
7	32850275	
2	34513161	
7	36439000	
2	37983310	
7	38880702	
2	39549438	
7	39855442	
2	40152517	
7	40448191	
	1952	79823
	1957	91285
	1962	10421
	1967	11737
	1972	13016
	1977	14116
	1982	15410
	1987	16495
	1992	17587
	1997	18698
	2002	19576
	2007	20378
2	8504667	A
7	9753392	A
2	11183227	
7	12716129	
2	14597019	
7	17104986	
2	20367053	
7	24725960	
2	28227588	
7	32160729	
2	37090298	
7	42292929	
	1952	29024
	1957	32674
	1962	37000
	1967	42069
	1972	48010
	1977	55142
	1982	64990
	1987	77934
	1992	96234
	1997	10544
	2002	11302
	2007	11330
52	7124673	
57	7363802	
62	7561588	
67	7867931	
72	8122293	
77	8251648	
82	8325260	
87	8421403	
92	8718867	
97	8897619	
02	8954175	
07	9031088	
nd	1952	481
nd	1957	512
nd	1962	566
nd	1967	606
nd	1972	640
nd	1977	631
nd	1982	646
nd	1987	664
nd	1992	699
nd	1997	719
nd	2002	736
nd	2007	755
2	3661549	A
7	4149908	A
2	4834621	A
7	5680812	A
2	6701172	A
7	7932503	A
2	9410494	A
7	11242847	
2	13219062	
7	15081016	
2	17155814	
7	19314747	
52	8550362	
57	10164215
62	11918938
67	13648692
72	15226039
77	16785196
82	18501390
87	19757799
92	20686918
97	21628605
02	22454239
07	23174294
1952	832292
1957	945282
1962	108639
1967	126073
1972	147065
1977	171295
1982	198443
1987	230406
1992	266054
1997	306868
2002	345937
2007	381396
1952	212894
1957	250419
1962	292633
1967	340242
1972	392761
1977	441482
1982	488271
1987	529103
1992	566670
1997	602166
2002	628067
2007	650681
	1219113	Af
	1357445	Af
	1528098	Af
	1735550	Af
	2056351	Af
	2308582	Af
	2644765	Af
	3154264	Af
	3747553	Af
	4320890	Af
	4977378	Af
	5701579	Af
and Tobago	
and Tobago	
and Tobago	
and Tobago	
and Tobago	
and Tobago	
and Tobago	
and Tobago	
and Tobago	
and Tobago	
and Tobago	
and Tobago	
952	3647735
957	3950849
962	4286552
967	4786986
972	5303507
977	6005061
982	6734098
987	7724976
992	8523077
997	9231669
002	9770575
007	1027615
52	22235677
57	25670939
62	29788695
67	33411317
72	37492953
77	42404033
82	47328791
87	52881328
92	58179144
97	63047647
02	67308928
07	71158647
52	5824797	
57	6675501	
62	7688797	
67	8900294	
72	10190285
77	11457758
82	12939400
87	15283050
92	18252190
97	21210254
02	24739869
07	29170398
ngdom	1952	
ngdom	1957	
ngdom	1962	
ngdom	1967	
ngdom	1972	
ngdom	1977	
ngdom	1982	
ngdom	1987	
ngdom	1992	
ngdom	1997	
ngdom	2002	
ngdom	2007	
ates	1952	1
ates	1957	1
ates	1962	1
ates	1967	1
ates	1972	2
ates	1977	2
ates	1982	2
ates	1987	2
ates	1992	2
ates	1997	2
ates	2002	2
ates	2007	3
952	2252965
957	2424959
962	2598466
967	2748579
972	2829526
977	2873520
982	2953997
987	3045153
992	3149262
997	3262838
002	3363085
007	3447496
	1952	54395
	1957	67026
	1962	81433
	1967	97095
	1972	11515
	1977	13503
	1982	15620
	1987	17910
	1992	20265
	1997	22374
	2002	24287
	2007	26084
952	2624683
957	2899854
962	3379614
967	3946391
972	4465501
977	5053350
982	5614218
987	6282649
992	6994072
997	7604899
002	8090814
007	8526235
 and Gaza	1
 and Gaza	1
 and Gaza	1
 and Gaza	1
 and Gaza	1
 and Gaza	1
 and Gaza	1
 and Gaza	1
 and Gaza	1
 and Gaza	1
 and Gaza	2
 and Gaza	2
c.txt
c.txt
c.txt
d_Herzegovi
cc.txt
cc.txt
c.txt
c.txt
ublic.cc.tx
c.txt
txt
c.txt
.txt
c.txt
.txt
c.txt
c.txt
c.txt
txt
o.cc.txt
c.txt
ds.cc.txt
.txt
.txt
cc.txt
c.txt
.txt
public.cc.t
cc.txt
txt
.txt
nd.cc.txt
.txt
ngdom.cc.tx
p.	1952	496
p.	1957	549
p.	1962	612
p.	1967	674
p.	1972	740
p.	1977	840
p.	1982	965
p.	1987	112
p.	1992	133
p.	1997	158
p.	2002	187
p.	2007	222
52	2672000	
57	3016000	
62	3421000	
67	3900000	
72	4506497	
77	5216550	
82	6100407	
87	7272406	
92	8381163	
97	9417789	
02	10595811
07	11746035
1952	308090
1957	364634
1962	427773
1967	499543
1972	586113
1977	664210
1982	763652
1987	921641
1992	107043
1997	114049
2002	119265
2007	123111
